REAL STORE PERFORMANCE ANALYSIS
Source Method: Rule 12 Sales Performance Analysis
Generated: 2025-07-14 15:56:03.999155
============================================================

Optimization Needed - 686 stores
----------------------------------------

STORE IDs:
   1. 13037
   2. 13105
   3. 13119
   4. 13149
   5. 14006
   6. 14012
   7. 14019
   8. 15001
   9. 15002
  10. 15003
  11. 15004
  12. 15006
  13. 15007
  14. 15011
  15. 15012
  16. 15013
  17. 15017
  18. 15018
  19. 15019
  20. 15021
  21. 15023
  22. 15025
  23. 15026
  24. 15027
  25. 15028
  26. 15029
  27. 15032
  28. 21022
  29. 21058
  30. 22003
  31. 37056
  32. 53088
  33. 53099
  34. 53104
  35. 53107
  36. 61042
  37. 61043
  38. 61058
  39. 61065
  40. 61067
  41. 61078
  42. 61093
  43. 61112
  44. 64005
  45. 64007
  46. 64013
  47. 11042
  48. 12037
  49. 12038
  50. 12039
  51. 12046
  52. 12062
  53. 12067
  54. 13005
  55. 13030
  56. 13033
  57. 13046
  58. 13063
  59. 13109
  60. 13110
  61. 13123
  62. 13130
  63. 13140
  64. 13148
  65. 13155
  66. 14003
  67. 14016
  68. 14021
  69. 14023
  70. 14024
  71. 14028
  72. 21019
  73. 21027
  74. 21039
  75. 21055
  76. 21056
  77. 21061
  78. 21064
  79. 21066
  80. 21068
  81. 21076
  82. 21077
  83. 21078
  84. 21081
  85. 21084
  86. 21085
  87. 21086
  88. 32175
  89. 32201
  90. 32209
  91. 32249
  92. 32291
  93. 32323
  94. 32426
  95. 32498
  96. 32499
  97. 32513
  98. 32527
  99. 32528
 100. 32548
 101. 32579
 102. 32584
 103. 32596
 104. 32601
 105. 32657
 106. 32707
 107. 32713
 108. 34115
 109. 34160
 110. 34200
 111. 34319
 112. 37026
 113. 37067
 114. 37096
 115. 37153
 116. 37184
 117. 43080
 118. 51258
 119. 52040
 120. 52114
 121. 53098
 122. 61022
 123. 61050
 124. 61055
 125. 61100
 126. 61116
 127. 61130
 128. 64006
 129. 11017
 130. 11020
 131. 11021
 132. 11029
 133. 11035
 134. 11036
 135. 11041
 136. 11046
 137. 11049
 138. 11058
 139. 11059
 140. 11063
 141. 11067
 142. 11070
 143. 11072
 144. 11080
 145. 11084
 146. 11096
 147. 11100
 148. 11102
 149. 11117
 150. 11128
 151. 11130
 152. 11132
 153. 11134
 154. 11137
 155. 11154
 156. 11158
 157. 11161
 158. 12002
 159. 12017
 160. 12022
 161. 12027
 162. 12030
 163. 12033
 164. 12041
 165. 12050
 166. 12060
 167. 12065
 168. 12066
 169. 12069
 170. 12071
 171. 12072
 172. 12076
 173. 12078
 174. 12080
 175. 13036
 176. 13038
 177. 13058
 178. 13068
 179. 13098
 180. 13102
 181. 13106
 182. 13117
 183. 13118
 184. 13121
 185. 13127
 186. 13139
 187. 13145
 188. 13146
 189. 13147
 190. 13153
 191. 31029
 192. 31035
 193. 31056
 194. 31058
 195. 31061
 196. 31077
 197. 31105
 198. 31125
 199. 31150
 200. 31151
 201. 31168
 202. 31175
 203. 31184
 204. 31187
 205. 31189
 206. 31192
 207. 31216
 208. 31221
 209. 31224
 210. 31238
 211. 31253
 212. 31255
 213. 31258
 214. 31264
 215. 31265
 216. 31272
 217. 31274
 218. 31278
 219. 32022
 220. 32023
 221. 32092
 222. 32105
 223. 32116
 224. 32121
 225. 32162
 226. 32179
 227. 32181
 228. 32205
 229. 32218
 230. 32219
 231. 32234
 232. 32236
 233. 32239
 234. 32244
 235. 32256
 236. 32257
 237. 32260
 238. 32263
 239. 32266
 240. 32273
 241. 32284
 242. 32296
 243. 32297
 244. 32299
 245. 32306
 246. 32308
 247. 32312
 248. 32322
 249. 32335
 250. 32336
 251. 32338
 252. 32339
 253. 32345
 254. 32364
 255. 32365
 256. 32373
 257. 32387
 258. 32391
 259. 32393
 260. 32394
 261. 32396
 262. 32398
 263. 32400
 264. 32405
 265. 32408
 266. 32410
 267. 32414
 268. 32423
 269. 32424
 270. 32425
 271. 32430
 272. 32431
 273. 32448
 274. 32454
 275. 32462
 276. 32470
 277. 32474
 278. 32476
 279. 32487
 280. 32495
 281. 32501
 282. 32504
 283. 32506
 284. 32512
 285. 32514
 286. 32519
 287. 32520
 288. 32522
 289. 32523
 290. 32525
 291. 32526
 292. 32530
 293. 32533
 294. 32544
 295. 32547
 296. 32555
 297. 32556
 298. 32559
 299. 32562
 300. 32563
 301. 32568
 302. 32573
 303. 32574
 304. 32576
 305. 32583
 306. 32587
 307. 32590
 308. 32603
 309. 32611
 310. 32615
 311. 32621
 312. 32642
 313. 32658
 314. 32667
 315. 32669
 316. 32674
 317. 32676
 318. 32677
 319. 32679
 320. 32683
 321. 32690
 322. 32691
 323. 32700
 324. 32703
 325. 32714
 326. 32715
 327. 32717
 328. 32719
 329. 32720
 330. 32723
 331. 32724
 332. 32768
 333. 32769
 334. 33001
 335. 33002
 336. 33030
 337. 33111
 338. 33126
 339. 33139
 340. 33237
 341. 33248
 342. 33249
 343. 33258
 344. 33268
 345. 33270
 346. 33283
 347. 33284
 348. 33299
 349. 33307
 350. 33345
 351. 33405
 352. 33435
 353. 33441
 354. 33442
 355. 33467
 356. 33472
 357. 33492
 358. 33501
 359. 33506
 360. 33548
 361. 33549
 362. 33554
 363. 33571
 364. 33599
 365. 33603
 366. 33614
 367. 33623
 368. 33625
 369. 33640
 370. 33665
 371. 33712
 372. 33716
 373. 33729
 374. 34001
 375. 34003
 376. 34025
 377. 34033
 378. 34063
 379. 34082
 380. 34094
 381. 34106
 382. 34107
 383. 34111
 384. 34112
 385. 34119
 386. 34120
 387. 34123
 388. 34124
 389. 34128
 390. 34134
 391. 34138
 392. 34140
 393. 34148
 394. 34177
 395. 34184
 396. 34187
 397. 34199
 398. 34213
 399. 34217
 400. 34236
 401. 34239
 402. 34244
 403. 34246
 404. 34251
 405. 34252
 406. 34255
 407. 34258
 408. 34264
 409. 34270
 410. 34272
 411. 34281
 412. 34288
 413. 34301
 414. 34303
 415. 34306
 416. 34308
 417. 34313
 418. 34314
 419. 34324
 420. 34329
 421. 34332
 422. 34343
 423. 34345
 424. 34351
 425. 34353
 426. 34354
 427. 34367
 428. 34375
 429. 34380
 430. 34395
 431. 34401
 432. 36042
 433. 36057
 434. 37180
 435. 41035
 436. 41053
 437. 41107
 438. 41129
 439. 41138
 440. 41153
 441. 41160
 442. 41170
 443. 41180
 444. 41181
 445. 41182
 446. 41203
 447. 41204
 448. 41211
 449. 41217
 450. 41235
 451. 41242
 452. 41250
 453. 41253
 454. 42026
 455. 42036
 456. 42037
 457. 42065
 458. 42069
 459. 42075
 460. 42081
 461. 42087
 462. 42095
 463. 42102
 464. 42114
 465. 42127
 466. 42131
 467. 42135
 468. 42147
 469. 42151
 470. 42153
 471. 42169
 472. 43044
 473. 43048
 474. 43049
 475. 43078
 476. 43094
 477. 43122
 478. 43129
 479. 43130
 480. 43147
 481. 43152
 482. 43168
 483. 43179
 484. 43183
 485. 45014
 486. 50027
 487. 50061
 488. 51013
 489. 51032
 490. 51033
 491. 51034
 492. 51048
 493. 51050
 494. 51058
 495. 51060
 496. 51081
 497. 51097
 498. 51112
 499. 51128
 500. 51140
 501. 51144
 502. 51146
 503. 51158
 504. 51176
 505. 51179
 506. 51190
 507. 51196
 508. 51209
 509. 51210
 510. 51221
 511. 51222
 512. 51229
 513. 51250
 514. 51253
 515. 51256
 516. 51266
 517. 51282
 518. 52022
 519. 52048
 520. 52091
 521. 53096
 522. 61002
 523. 61010
 524. 61011
 525. 61013
 526. 61015
 527. 61016
 528. 61018
 529. 61024
 530. 61026
 531. 61036
 532. 61066
 533. 61086
 534. 61109
 535. 61118
 536. 61119
 537. 61139
 538. 61141
 539. 61143
 540. 33048
 541. 33065
 542. 33066
 543. 33074
 544. 33075
 545. 33085
 546. 33091
 547. 33149
 548. 33160
 549. 33166
 550. 33186
 551. 33200
 552. 33209
 553. 33247
 554. 33252
 555. 33267
 556. 33278
 557. 33280
 558. 33291
 559. 33296
 560. 33302
 561. 33350
 562. 33351
 563. 33363
 564. 33379
 565. 33383
 566. 33391
 567. 33397
 568. 33398
 569. 33416
 570. 33425
 571. 33434
 572. 33436
 573. 33463
 574. 33484
 575. 33490
 576. 33500
 577. 33517
 578. 33534
 579. 33538
 580. 33555
 581. 33557
 582. 33558
 583. 33562
 584. 33576
 585. 33585
 586. 33593
 587. 33606
 588. 33616
 589. 33647
 590. 33650
 591. 33657
 592. 33660
 593. 33664
 594. 33671
 595. 33715
 596. 33724
 597. 33725
 598. 33728
 599. 33730
 600. 33747
 601. 33749
 602. 33765
 603. 35043
 604. 35066
 605. 35078
 606. 35097
 607. 35106
 608. 35107
 609. 35125
 610. 36003
 611. 36005
 612. 36006
 613. 36007
 614. 36021
 615. 36031
 616. 36033
 617. 36041
 618. 36067
 619. 36076
 620. 36077
 621. 36093
 622. 36096
 623. 36098
 624. 36104
 625. 36105
 626. 36110
 627. 36119
 628. 36144
 629. 36152
 630. 36159
 631. 36161
 632. 43040
 633. 43061
 634. 43134
 635. 43136
 636. 43153
 637. 44060
 638. 44069
 639. 44094
 640. 44141
 641. 44147
 642. 44149
 643. 44185
 644. 44186
 645. 44189
 646. 44190
 647. 44211
 648. 44235
 649. 44254
 650. 44262
 651. 44288
 652. 44326
 653. 44337
 654. 44351
 655. 44384
 656. 44386
 657. 44397
 658. 44410
 659. 44435
 660. 44441
 661. 44445
 662. 44449
 663. 44456
 664. 44458
 665. 44471
 666. 44481
 667. 44498
 668. 44500
 669. 44514
 670. 44515
 671. 44517
 672. 44526
 673. 45006
 674. 45012
 675. 45048
 676. 45067
 677. 45080
 678. 45112
 679. 45114
 680. 45120
 681. 45140
 682. 45152
 683. 45155
 684. 46008
 685. 50028
 686. 50069


BUSINESS CONTEXT:
These stores require immediate attention (Z-score > 2.0).
Action: Implement urgent optimization measures and support.
Characteristics: Significantly underperforming, high investment needs.

AVERAGE Z-SCORE: 2.98
AVERAGE OPPORTUNITY VALUE: ¥13,070
AVERAGE INVESTMENT REQUIRED: ¥3,613
