# Performing Well Stores (Rule 12 Analysis)
# These stores have insufficient data for performance classification

12028
31067
31139
31141
31156
31163
31218
31242
31243
31245
31250
32160
32195
32270
32278
32279
32375
32402
32459
32535
32550
32644
32660
33174
33301
33326
33329
33348
33373
33393
33453
33595
33714
33736
34024
34049
34077
34088
34098
34109
34110
34149
34151
34173
34201
34234
34283
34297
34322
34336
35025
35032
35112
35135
36009
36107
36149
37077
37097
37108
37117
37126
37143
37146
37151
37154
37174
37176
37210
37213
41003
41030
41045
41140
41141
41191
41193
41213
41236
41241
42019
42057
42074
42096
42157
43017
43032
43034
43066
43074
43119
43167
44106
44109
44123
44124
44153
44163
44188
44208
44299
44307
44325
44336
44362
44368
44419
44479
44531
45013
45024
45031
45039
45041
45045
45055
45098
45126
46005
50031
50036
50048
51024
51075
51077
51087
51109
51114
51159
51161
51167
51198
52062
52083
52112
53030
53070
53095
53105
