Top Performers - 2247 stores
==================================================

13035
13037
13105
13119
13149
14006
14012
14019
15001
15002
15003
15004
15006
15007
15010
15011
15012
15013
15017
15018
15019
15021
15023
15025
15026
15027
15028
15029
15032
15033
21022
21058
22003
37056
51114
51244
52013
52025
52031
52038
52060
52062
52069
52083
52087
52089
52101
52103
53001
53002
53021
53027
53028
53030
53034
53039
53046
53048
53051
53064
53067
53068
53070
53088
53094
53099
53101
53103
53104
53105
53107
61042
61043
61058
61065
61067
61078
61093
61112
64005
64007
64013
11003
11042
12003
12028
12031
12034
12037
12038
12039
12046
12062
12063
12067
13003
13005
13015
13028
13030
13032
13033
13046
13060
13063
13072
13095
13109
13110
13123
13130
13134
13140
13142
13144
13148
13151
13155
14003
14009
14010
14011
14016
14021
14023
14024
14028
14029
21019
21024
21027
21039
21048
21055
21056
21061
21063
21064
21066
21068
21073
21076
21077
21078
21081
21084
21085
21086
21090
31259
32068
32137
32175
32201
32209
32210
32213
32216
32221
32235
32241
32247
32248
32249
32291
32293
32323
32359
32360
32366
32390
32397
32404
32411
32417
32426
32432
32446
32463
32475
32496
32498
32499
32500
32510
32513
32517
32521
32527
32528
32535
32538
32548
32565
32578
32579
32584
32589
32593
32596
32601
32608
32610
32636
32657
32659
32685
32688
32707
32710
32713
32716
32733
33428
33475
33507
33770
34115
34117
34139
34160
34191
34195
34200
34267
34319
34338
34342
34346
34348
35032
37010
37015
37017
37018
37021
37023
37024
37026
37032
37041
37045
37046
37050
37057
37058
37062
37067
37070
37075
37076
37077
37081
37089
37090
37091
37096
37097
37100
37108
37115
37117
37120
37123
37124
37125
37126
37129
37137
37138
37139
37141
37142
37143
37144
37146
37151
37153
37155
37164
37170
37174
37176
37184
37185
37189
37193
37198
37204
37205
37206
37208
37210
37213
37215
41049
41093
41247
42031
42155
43080
43086
44453
45074
51109
51172
51175
51181
51203
51212
51248
51258
52005
52027
52033
52035
52040
52041
52045
52055
52063
52073
52075
52077
52080
52097
52112
52113
52114
53004
53008
53016
53026
53042
53043
53050
53059
53062
53063
53066
53074
53081
53097
53098
53102
61022
61023
61025
61050
61055
61068
61072
61090
61096
61100
61116
61120
61122
61130
61131
61140
62006
64006
64009
11014
11017
11020
11021
11029
11035
11036
11037
11041
11046
11048
11049
11050
11058
11059
11063
11067
11070
11072
11080
11081
11084
11094
11096
11100
11102
11104
11106
11113
11117
11124
11127
11128
11129
11130
11132
11133
11134
11135
11137
11138
11145
11146
11150
11151
11154
11158
11161
11162
12002
12009
12017
12022
12025
12027
12030
12033
12040
12041
12050
12060
12065
12066
12069
12071
12072
12074
12076
12078
12079
12080
13031
13036
13038
13042
13056
13057
13058
13068
13087
13091
13098
13102
13106
13117
13118
13121
13127
13135
13139
13145
13146
13147
13153
31012
31021
31024
31025
31026
31027
31029
31030
31031
31035
31037
31039
31040
31050
31056
31058
31061
31064
31066
31067
31077
31091
31097
31105
31109
31111
31120
31125
31131
31134
31136
31139
31140
31141
31147
31150
31151
31154
31156
31157
31158
31160
31161
31163
31164
31168
31171
31173
31174
31175
31180
31181
31184
31185
31186
31187
31189
31192
31193
31197
31204
31209
31210
31215
31216
31218
31220
31221
31224
31228
31234
31235
31236
31237
31238
31239
31240
31241
31242
31243
31245
31246
31248
31250
31251
31252
31253
31254
31255
31258
31260
31262
31263
31264
31265
31267
31268
31269
31271
31272
31273
31274
31278
31289
32002
32022
32023
32024
32063
32092
32099
32104
32105
32112
32116
32121
32124
32125
32145
32146
32147
32160
32162
32167
32169
32174
32177
32179
32181
32191
32195
32204
32205
32206
32211
32215
32218
32219
32229
32231
32232
32233
32234
32236
32237
32239
32242
32243
32244
32250
32256
32257
32259
32260
32262
32263
32264
32265
32266
32267
32270
32271
32273
32276
32278
32279
32282
32284
32285
32286
32288
32296
32297
32298
32299
32300
32301
32303
32306
32307
32308
32310
32312
32316
32319
32321
32322
32324
32327
32328
32330
32331
32335
32336
32337
32338
32339
32341
32342
32343
32344
32345
32346
32347
32349
32352
32355
32356
32357
32364
32365
32369
32372
32373
32374
32375
32376
32377
32381
32382
32384
32386
32387
32388
32391
32392
32393
32394
32396
32398
32399
32400
32402
32405
32406
32408
32410
32412
32414
32421
32423
32424
32425
32429
32430
32431
32433
32438
32441
32447
32448
32454
32457
32459
32462
32465
32470
32473
32474
32476
32480
32481
32482
32484
32486
32487
32491
32492
32495
32501
32502
32504
32506
32507
32512
32514
32515
32518
32519
32520
32522
32523
32525
32526
32530
32533
32536
32537
32542
32544
32545
32546
32547
32549
32550
32551
32552
32553
32554
32555
32556
32559
32562
32563
32564
32566
32568
32569
32573
32574
32576
32580
32581
32583
32585
32587
32590
32603
32606
32611
32615
32616
32620
32621
32623
32624
32632
32633
32637
32640
32642
32644
32646
32648
32650
32651
32656
32658
32660
32663
32665
32667
32669
32673
32674
32676
32677
32679
32680
32682
32683
32684
32687
32690
32691
32692
32693
32694
32696
32697
32698
32699
32700
32703
32709
32712
32714
32715
32717
32718
32719
32720
32721
32723
32724
32728
32737
32750
32758
32763
32766
32768
32769
33001
33002
33007
33030
33036
33058
33111
33123
33126
33139
33144
33152
33172
33174
33188
33195
33221
33223
33230
33237
33238
33248
33249
33253
33254
33258
33268
33270
33283
33284
33288
33294
33299
33301
33307
33315
33323
33332
33345
33348
33373
33384
33388
33393
33405
33413
33419
33421
33435
33439
33441
33442
33452
33467
33472
33486
33492
33496
33497
33501
33506
33513
33535
33541
33545
33547
33548
33549
33554
33560
33571
33574
33579
33592
33595
33599
33603
33607
33609
33614
33623
33625
33634
33638
33639
33640
33641
33643
33648
33649
33651
33661
33662
33665
33670
33682
33687
33690
33694
33698
33707
33710
33712
33716
33723
33727
33729
33736
33740
33760
34001
34003
34015
34023
34024
34025
34033
34049
34058
34062
34063
34067
34077
34082
34083
34086
34088
34089
34092
34094
34095
34098
34099
34100
34101
34103
34105
34106
34107
34108
34109
34110
34111
34112
34119
34120
34122
34123
34124
34126
34128
34130
34134
34138
34140
34141
34142
34148
34149
34150
34151
34155
34158
34159
34164
34165
34166
34167
34170
34173
34174
34177
34179
34181
34183
34184
34187
34194
34197
34198
34199
34201
34202
34209
34211
34212
34213
34214
34217
34218
34223
34225
34234
34236
34239
34241
34244
34246
34248
34251
34252
34255
34256
34257
34258
34260
34261
34264
34269
34270
34272
34273
34275
34279
34280
34281
34282
34283
34288
34297
34299
34301
34303
34305
34306
34307
34308
34311
34312
34313
34314
34316
34317
34318
34320
34321
34322
34323
34324
34326
34328
34329
34332
34334
34335
34336
34341
34343
34345
34347
34349
34350
34351
34353
34354
34355
34367
34375
34380
34382
34395
34399
34401
34404
35019
35136
36019
36026
36042
36046
36057
36064
36070
36075
36081
36087
36090
36094
36118
36122
36126
36134
36147
36148
36149
36151
36165
36166
37008
37029
37033
37034
37036
37038
37039
37044
37048
37074
37078
37084
37099
37118
37154
37156
37167
37180
37191
37192
37196
37211
37212
41003
41007
41013
41025
41028
41029
41030
41034
41035
41036
41038
41044
41045
41046
41047
41051
41053
41056
41058
41062
41076
41081
41091
41097
41100
41104
41107
41108
41110
41116
41119
41123
41126
41128
41129
41134
41136
41138
41140
41141
41142
41143
41146
41147
41148
41151
41153
41160
41163
41164
41167
41170
41171
41177
41178
41179
41180
41181
41182
41183
41186
41187
41191
41193
41195
41199
41202
41203
41204
41206
41208
41211
41212
41213
41217
41219
41220
41221
41222
41223
41225
41228
41231
41232
41234
41235
41236
41237
41238
41241
41242
41248
41249
41250
41253
41254
41255
42001
42006
42010
42019
42021
42024
42026
42027
42029
42030
42033
42034
42036
42037
42046
42052
42055
42056
42057
42060
42061
42062
42064
42065
42067
42069
42071
42072
42074
42075
42078
42080
42081
42082
42083
42084
42087
42088
42089
42091
42093
42094
42095
42096
42097
42098
42100
42102
42103
42109
42110
42111
42112
42114
42121
42122
42127
42130
42131
42135
42138
42139
42142
42143
42147
42151
42153
42154
42157
42158
42159
42161
42163
42164
42166
42167
42169
42170
43008
43012
43013
43026
43032
43034
43041
43044
43046
43048
43049
43051
43053
43062
43064
43066
43067
43069
43072
43074
43075
43078
43085
43090
43091
43092
43094
43095
43098
43100
43101
43105
43109
43110
43112
43113
43119
43120
43122
43129
43130
43139
43142
43147
43148
43152
43160
43161
43167
43168
43169
43172
43175
43179
43181
43182
43183
43184
43185
43186
44081
44087
44100
44118
44159
44266
44333
44363
44385
44405
44421
44439
44468
44472
44539
45005
45013
45014
45017
45018
45020
45022
45027
45038
45052
45053
45062
45064
45065
45069
45084
45100
45106
45113
45116
45129
45137
45142
45147
45151
45159
45162
50003
50007
50008
50012
50013
50023
50027
50031
50033
50036
50044
50045
50048
50051
50061
50065
50067
51004
51013
51020
51022
51024
51025
51026
51032
51033
51034
51035
51039
51040
51041
51045
51047
51048
51050
51052
51055
51056
51058
51060
51063
51064
51065
51066
51071
51075
51076
51077
51081
51083
51085
51087
51089
51090
51095
51096
51097
51098
51100
51102
51103
51104
51105
51106
51111
51112
51115
51118
51119
51124
51128
51130
51134
51135
51140
51143
51144
51146
51147
51154
51157
51158
51159
51161
51163
51164
51165
51167
51169
51171
51173
51176
51177
51178
51179
51186
51190
51192
51194
51196
51197
51198
51199
51209
51210
51214
51217
51221
51222
51224
51227
51228
51229
51230
51233
51234
51236
51237
51241
51242
51243
51247
51249
51250
51251
51253
51256
51259
51260
51261
51266
51277
51280
51282
51284
52022
52028
52048
52078
52091
52115
53012
53033
53056
53080
53093
53095
53096
61002
61010
61011
61013
61014
61015
61016
61018
61019
61024
61026
61035
61036
61060
61063
61066
61075
61082
61086
61109
61118
61119
61137
61139
61141
61143
33019
33047
33048
33054
33057
33062
33063
33065
33066
33068
33074
33075
33079
33085
33088
33090
33091
33092
33097
33098
33099
33103
33112
33125
33129
33130
33131
33135
33137
33149
33151
33154
33155
33157
33160
33162
33166
33167
33177
33178
33182
33186
33200
33201
33202
33203
33207
33209
33211
33217
33231
33234
33241
33244
33247
33252
33259
33260
33262
33264
33267
33271
33273
33274
33275
33277
33278
33280
33281
33282
33285
33286
33289
33291
33295
33296
33297
33298
33302
33309
33310
33311
33313
33321
33322
33326
33327
33328
33329
33330
33331
33334
33341
33349
33350
33351
33357
33363
33364
33365
33366
33368
33370
33376
33377
33378
33379
33383
33385
33387
33389
33391
33397
33398
33412
33416
33418
33424
33425
33426
33427
33429
33432
33434
33436
33438
33440
33451
33453
33454
33455
33458
33462
33463
33466
33480
33482
33484
33488
33489
33490
33495
33498
33500
33509
33510
33512
33514
33517
33519
33520
33521
33522
33524
33526
33528
33533
33534
33536
33538
33540
33551
33552
33553
33555
33557
33558
33559
33562
33565
33572
33573
33576
33581
33585
33587
33588
33589
33593
33596
33600
33606
33608
33616
33618
33619
33620
33627
33630
33633
33636
33637
33644
33645
33646
33647
33650
33655
33657
33660
33664
33671
33672
33673
33674
33677
33681
33683
33684
33685
33689
33691
33695
33699
33701
33702
33703
33705
33708
33709
33711
33714
33715
33717
33718
33719
33721
33724
33725
33726
33728
33730
33732
33733
33739
33741
33742
33743
33747
33749
33765
33771
34157
35011
35013
35016
35023
35025
35026
35036
35043
35046
35048
35049
35051
35052
35059
35060
35066
35069
35076
35078
35083
35085
35087
35088
35093
35095
35096
35097
35104
35105
35106
35107
35108
35111
35112
35114
35115
35116
35119
35121
35124
35125
35128
35135
36001
36002
36003
36005
36006
36007
36009
36012
36016
36017
36018
36021
36022
36028
36029
36030
36031
36033
36034
36038
36040
36041
36045
36048
36052
36054
36067
36076
36077
36080
36082
36093
36096
36097
36098
36103
36104
36105
36106
36107
36110
36112
36113
36119
36124
36133
36135
36138
36143
36144
36150
36152
36153
36159
36161
36162
36167
43014
43017
43020
43025
43038
43039
43040
43042
43054
43055
43059
43061
43079
43093
43115
43116
43134
43136
43151
43153
43166
44015
44018
44020
44027
44028
44031
44044
44047
44049
44051
44059
44060
44061
44064
44068
44069
44073
44075
44076
44083
44085
44086
44092
44094
44097
44101
44103
44106
44108
44109
44111
44114
44119
44123
44124
44128
44131
44141
44142
44145
44146
44147
44149
44150
44152
44153
44160
44163
44164
44167
44172
44177
44178
44180
44181
44185
44186
44188
44189
44190
44201
44204
44206
44207
44208
44211
44213
44214
44216
44218
44220
44221
44227
44228
44229
44231
44234
44235
44239
44242
44248
44250
44254
44256
44262
44268
44270
44272
44275
44281
44282
44284
44286
44287
44288
44290
44291
44297
44299
44300
44301
44302
44303
44304
44306
44307
44308
44310
44312
44316
44319
44321
44322
44325
44326
44329
44331
44335
44336
44337
44338
44341
44342
44351
44354
44355
44358
44362
44367
44368
44369
44373
44375
44376
44379
44380
44384
44386
44387
44388
44393
44394
44395
44396
44397
44398
44400
44401
44404
44407
44410
44413
44417
44419
44420
44422
44424
44427
44429
44430
44431
44432
44434
44435
44438
44440
44441
44442
44443
44445
44446
44448
44449
44450
44451
44452
44454
44455
44456
44457
44458
44459
44461
44462
44463
44464
44467
44469
44470
44471
44473
44474
44475
44476
44478
44479
44481
44483
44485
44486
44487
44492
44494
44497
44498
44500
44503
44505
44506
44514
44515
44517
44519
44522
44525
44526
44531
44533
44534
44538
45003
45006
45012
45016
45021
45024
45028
45029
45031
45039
45041
45042
45043
45045
45048
45055
45056
45057
45058
45060
45067
45070
45071
45080
45082
45085
45087
45091
45093
45098
45109
45111
45112
45114
45118
45119
45120
45121
45126
45128
45130
45133
45135
45136
45140
45144
45148
45150
45152
45154
45155
45157
45158
45166
46005
46008
50028
50064
50068
50069
